-1027520.85959
-662265.798889
-539705.658962
-500456.517784
-488148.363956
-483722.600877
-481754.708353
-480609.02193
-479902.111428
-479361.63145
-479024.290604
-478827.671774
-478571.229729
-478319.837354
-477922.496441
-477716.546736
-477583.99119
-477348.986824
-477455.520705
-477298.264361
-477200.284369
-476819.796955
-476740.359269
-476861.468455
-476676.482538
-476604.930644
-476620.001833
-476279.247985
-476603.730588
-476221.708735
-476134.350401
-476006.985264
-476057.409796
-475860.253134
-475975.534086
-475876.985161
-475782.890287
-475800.041974
-475732.316659
-475756.014551
-475648.220127
-475701.833515
-475721.838664
-475672.931624
-475454.820623
-475560.96817
-475748.318709
-475570.697172
-475608.037691
-475464.889829
-475273.762549
-475269.879614
-475110.941722
-475272.810253
-475235.553352
-475247.266869
-475126.581116
-474925.696711
-474940.715809
-474579.484064
-474929.901946
-474779.421828
-474970.507426
-474860.877074
-474848.720556
-474602.334742
-474655.22919
-474786.516931
-474679.170209
-474478.934601
-474869.344998
-474631.081123
-474647.486366
-474586.281274
-474591.583229
-474422.395907
-474456.219597
-474478.251077
-474537.368482
-474504.313166
-474339.044501
-474620.44802
-474255.261933
-474318.242264
-474400.552371
-474492.39225
-474371.261406
-474514.941739
-474390.63109
-474298.069132
-474209.231001
-474139.181136
-474138.014404
-474121.242884
-474198.399351
-474113.663458
-474166.140311
-474160.219624
-474258.554536
-474170.230208
-474269.943464
-474216.977057
-474079.77265
-473949.844967
-474038.287376
-474015.585652
-473886.891337
-474253.578263
-474253.227737
-473962.527181
-473904.724615
-474085.089731
-473901.504244
-474065.438621
-473733.025551
-473793.973424
-473850.268124
-473832.522421
-473739.002344
-473613.402022
-473753.345421
-473592.555891
-473919.009347
-473705.821858
-473842.16106
-473852.420258
-473786.667386
-473729.732957
-473911.033068
-473720.329679
-473805.483994
-473873.072095
-473855.688916
-473688.041105
-473734.478745
-473782.346249
-473568.254754
-473643.238696
-473895.22294
-473714.646576
-473660.894766
-473525.975486
-473481.772829
-473622.769655
-473483.498983
-473580.355916
-473750.695023
-473489.175535
-473421.928897
-473404.35446
-473462.739761
-473404.500476
-473504.414896
-473611.706089
-473455.992659
-473437.892013
-473390.802243
-473446.423736
-473577.527522
-473569.116758
-473473.238559
